20180304 10.2 46.719494 6.558082 26091
20180406 8.9 46.622837 7.002599 28988
20180406 18.6 46.585827 6.894627 23178
20180506 7.8 46.627487 7.046396 25895
20180511 10.3 46.610432 6.883673 28932
20180519 8.6 46.51585 6.742589 28426
20180616 11.2 46.678852 6.773611 21803
20180630 19.4 46.685089 6.665871 25882
20180803 19.1 67.746582 -48.522957 28557
20180806 7.4 69.313156 -50.814541 22134
20180811 11.0 69.735909 -51.200859 8765
20180813 17.0 69.427567 -51.520844 21457
20181028 11.5 30.776012 -5.613083 25892
20181117 10.4 46.359222 7.537854 24621
20181215 10.2 45.853462 7.897272 26435
20190101 13.7 45.778015 8.183801 25863
20190202 13.5 46.579899 6.673656 20706
20190209 15.5 45.935909 8.160045 14030